1
1
1
2
1
1
1
1
1
1
2
1
2
1
1
2
1
1
1
1
5
6
2
1
1
3
2
21
1
11
6
1
1
1
2
1
1
2
4
1
1
5
6
1
5
5
1
3
1
1
1
2
10
8
1
2
1
1
1
1
2
1
1
1
3
1
1
1
1
1
10
1
1
1
2
1
2
2
2
4
3
1
2
4
1
1
1
2
2
4
1
7
1
3
4
1
1
2
2
1
3
2
1
9
3
1
2
11
18
8
1
2
1
2
2
1
1
2
10
7
1
5
1
2
2
4
2
2
1
4
4
1
4
1
2
3
1
2
2
2
1
1
5
1
2
1
1
1
1
1
4
2
1
2
3
7
3
16
1
2
9
1
1
2
5
2
4
5
6
2
2
1
2
2
1
1
1
7
1
2
1
1
2
7
3
5
2
2
1
1
3
1
1
2
10
2
2
1
1
3
22
1
2
5
2
1
1
2
1
3
1
15
6
3
2
7
1
1
1
2
17
5
1
11
1
3
3
1
4
1
6
2
2
1
2
1
7
1
7
1
2
1
2
1
4
3
9
1
11
1
1
1
2
